81.9446351611987
91.5714305592701
89.9769028415903
74.3230557767674
59.8268703790382
29.437555372715
75.0016150530428
58.0933154793456
48.4206818975508
91.0924292169511
62.8363119671121
42.5451461691409
51.9908014684916
85.7189200818539
79.300483269617
91.4068149402738
87.225010828115
83.5221497807652
54.28554660175
54.8072279896587
98.3807326527312
66.3745584897697
86.0882172593847
94.3317648256198
36.0766065539792
30.45098639559
91.4514414500445
37.6326293218881
79.2838827008381
76.771015743725
69.5227494230494
66.8136614840478
99.3504925630987
68.701413134113
98.5708001069725
23.6435420112684
66.4304152131081
76.0391101473942
92.3854155000299
33.6818399373442
83.225658070296
55.74448290281
90.9917322918773
62.0803751982749
73.4582570614293
9.69155894126743
96.2134153582156
83.7184639880434
93.3795923832804
58.0013910774142
80.1726637408137
25.9353666799143
96.1884766817093
41.8107121950015
82.661646627821
90.3331647394225
46.0426902864128
87.6451718853787
73.72180595994
79.4647847069427
69.011391652748
61.7911771405488
47.4029168952256
97.869929485023
81.2982476549223
95.0702928937972
57.8679374419153
95.9002563962713
99.6614949312061
88.9980090083554
82.382824155502
97.3059056792408
83.2305635791272
70.4456293489784
69.375638011843
78.8521349430084
80.6946374941617
95.0186389265582
49.0057644667104
87.6948844641447
45.5929211573675
20.2520155813545
26.9010060001165
36.8143525207415
92.6371581153944
42.8126274142414
78.4447690239176
53.9007590152323
59.9464286351576
65.4808247229084
78.684827266261
79.6182120218873
13.9687926741317
85.3663239860907
77.1165037062019
76.7851469339803
96.0127216530964
92.2449385281652
82.5803666375577
90.5406343517825
47.5882006110623
95.6396459368989
81.5648539690301
85.6560738524422
83.8502831291407
17.6304081222042
96.2677908362821
43.6127028893679
83.8127712719142
51.4615242602304
75.82365446724
73.51151953917
96.9861403107643
88.619945384562
84.7301584202796
82.9833223950118
88.0328504368663
26.824238919653
57.8101739753038
42.9349967744201
89.8328573675826
84.7472862806171
96.7282826313749
87.6871202839538
72.6093738339841
77.481213863939
95.6251025665551
92.5309792160988
95.5833893734962
48.2269883388653
60.8594979159534
71.6397317126393
15.768235293217
45.1217172667384
60.4607888031751
83.4466805681586
91.994335106574
75.7407517870888
19.2046740092337
96.444238955155
58.4400186082348
65.2742935810238
80.495260306634
93.2639713166282
23.2771474635229
99.4276527781039
92.5271739484742
95.8983640419319
76.3181415153667
97.2495222231373
46.5831315843388
91.5669512934983
95.3858171822503
17.1911489218473
94.2947169300169
68.212518747896
88.8533874414861
73.5020796302706
64.8782924748957
86.2667432054877
41.3406487554312
99.4723790092394
28.842363320291
89.0612145885825
62.6023468561471
89.3268746556714
86.3081938121468
27.2799976170063
94.2007481586188
76.0103703476489
49.8456156812608
22.9246942559257
46.4957300107926
92.0265519060194
98.9663058659062
75.2962455153465
39.2882575280964
81.519060744904
42.2440074384212
47.8541077114642
89.3507138825953
62.3223326401785
46.0365985520184
81.14818923641
48.9973610965535
53.6889886017889
99.4024963816628
79.4902081368491
49.9971607932821
49.3645905284211
79.3051190441474
83.3679578499869
97.8068920783699
95.1981712598354
54.6092323958874
76.3566293753684
92.81701433938
80.1485063508153
93.3920325245708
71.4877755148336
57.7566624851897
76.1323489947245
67.9215746000409
40.5281839892268
14.6011086180806
97.4395407130942
38.1565427174792
57.219110429287
90.7639668090269
71.9602365978062
87.2543681412935
98.0142958695069
61.2928572343662
89.0595983248204
40.2472929097712
80.8230361668393
88.2401600945741
79.1700364323333
59.5205252990127
63.3323747897521
97.0210447674617
69.3048024782911
44.137581740506
43.9839873230085
51.8086140975356
94.0764465369284
27.2292597685009
78.1816222239286
47.4808890372515
76.2750641675666
47.6007170276716
87.5535120721906
90.7304348424077
68.7862507533282
74.6095902519301
61.0299094812945
44.7615018580109
84.7381865838543
47.4201812641695
71.7715227743611
79.4782656012103
54.5493084471673
98.0120390886441
27.7788499603048
95.5936281243339
90.7573340227827
83.767278608866
96.2189516518265
34.254223969765
88.3123603882268
71.9962827861309
83.461874187924
70.334764290601
76.6803471371531
55.8034949237481
94.197887997143
85.3730303701013
82.1853392524645
95.5290541052818
77.4148938246071
62.3643021564931
89.0290078707039
66.3424612721428
67.9969627875835
58.8282124139369
92.4283873988315
96.0824992507696
92.5988715142012
74.0053660934791
89.5771622424945
92.3102346016094
64.3147212918848
68.7239982420579
94.5479926187545
91.0409311531112
32.842364301905
57.5792365474626
69.7370607638732
69.6014297893271
15.2505478821695
15.3199753025547
56.3444240018725
90.9011631039903
75.7119122426957
57.1708629606292
89.0560735017061
51.6235604416579
31.8994684144855
43.2720095152035
44.7178885340691
82.2747252415866
78.6393316229805
26.2138998834416
20.8943278761581
88.575107906945
23.5978865996003
86.9380806572735
91.9803042430431
80.4679415887222
67.8884034510702
88.9352284139022
56.7021139897406
99.1448607994244
87.4673004029319
96.6654868563637
32.2759662522003
77.2367122815922
57.1496271993965
34.7038322128356
55.7934908661991
86.7955437861383
51.5724154887721
95.4574193106964
28.3108257688582
88.8140903552994
62.2350498801097
47.5542560452595
97.5761506473646
56.2527816742659
72.265328001231
91.9187533669174
68.6535006621853
92.4669943517074
69.441773626022
89.8997204378247
42.5864675780758
31.5879803383723
53.9666894823313
83.6940293433145
58.7684563128278
87.6966492505744
99.1318062646315
70.4483351204544
97.4587155971676
50.3966586431488
82.7709189616144
57.2384267114103
45.6242477754131
94.8783107334748
33.6528764106333
84.0621172683313
51.785162370652
94.9854223290458
40.6289840117097
84.787814039737
83.9737575966865
94.0845446661115
97.0417243195698
74.2860350059345
38.3392821531743
72.1855629002675
92.2375050140545
68.3448277413845
24.5227300329134
80.2481304621324
93.8774226233363
67.7802826045081
65.4298293869942
99.8107437975705
77.165350690484
79.0868061594665
58.6846046382561
91.2469413829967
88.1299300584942
29.1885280515999
48.5339477891102
77.9134632088244
88.6493888217956
52.9236546019092
85.78643896617
48.5293890582398
64.0859214123338
57.8614313621074
81.8939397577196
76.7871102550998
57.9487763345242
45.039015985094
75.5384695483372
57.1706588380039
99.6196395717561
88.8790804659948
91.7663812171668
34.9029552424327
95.0851419009268
64.3780927173793
99.7413685545325
67.2616409836337
51.2699259910733
50.3669255878776
29.7486966010183
96.0906831081957
91.7427636450157
90.3074553236365
69.2261839751154
96.4717383729294
71.6552047291771
76.9758556270972
34.7684408770874
32.4415225302801
99.7157307807356
99.6891472488642
56.2856161035597
90.2896028012037
76.1190652614459
74.4193117134273
84.9826578982174
96.9346471363679
70.834460365586
46.0138227324933
46.7681867070496
82.0165378274396
73.2477839337662
83.7670451961458
97.2149300621822
76.1646169237792
51.9375066505745
11.8331196019426
66.9445033418015
56.369568570517
41.1643424537033
53.6796737229452
96.0160449147224
40.7733312807977
95.4075855668634
94.2700216313824
85.7585545629263
35.4362926911563
56.7069655749947
94.5039572892711
59.3230993952602
77.9567153425887
88.2801591884345
83.1649436848238
86.2834133673459
57.4772404972464
71.4029390132055
85.3948921198025
50.8148920023814
79.8349633347243
80.1694758469239
86.1283257836476
87.5441651558504
67.3048492986709
64.6815457381308
96.8023345107213
75.4418550059199
76.4722131658345
72.6928751450032
67.3816015245393
17.5695947138593
75.7397257490084
75.0867911148816
20.9184479434043
53.2333746552467
87.610614253208
78.938042325899
60.8247889438644
34.8547790665179
76.8506260355935
73.8718824926764
42.5740245264024
98.0538125149906
69.1056270385161
87.7078973688185
71.4467973913997
89.963301550597
71.4774970430881
79.32321454864
53.0538378283381
7.72832522634417
73.2862133299932
24.2971339728683
82.7711172867566
61.9560664752498
42.6092703361064
74.984515318647
84.8379340488464
41.4653332671151
79.7958435956389
53.9325157180429
59.5512075116858
91.946202237159
90.0936723686755
77.6140393922105
43.4492278145626
80.6123098358512
82.8388495836407
96.5386932250112
75.9077896829695
38.9803223544732
87.6299042487517
71.4536040555686
46.7632791725919
77.1838087355718
86.8920573731884
97.4415423348546
91.864530951716
55.5214731022716
77.8151374543086
67.3451829701662
